models/data_marts/hcc_recapture/final_models.yml
  h_773a9a7dede145 11,38,43,48,53,58,63,68,85,122,127,132,137,142,147,152,169,206,211,216,226,231,241,253,287,305,317,384-385,397-398,411,414-415,420,439,444,457,545
models/data_marts/hcc_recapture/intermediate_models.yml
  h_773a9a7dede145 41,58,72,110,113,127,134,142,186-196,234,251,277-287,302,305,307,319,326,330
models/input_layer/input_layer__condition.yml
  h_773a9a7dede145 81,96,113,129,180,223,270,293,316,353,378,393,416,431,469,493
models/input_layer/input_layer__eligibility.yml
  h_773a9a7dede145 77,115,117,131,133,146,148,161,166,171,205,207,210,215,257,259,281,283,302,321,323,345,352,360,362,383,406,408,413,421,436,438,459,461,482,484,515,517,535,547,554,562,569,577,579,592,594,645,701,706,711,767,769,772,777,808,810,851,856,858,899,901,938,940,956,973,984,989,991,995,997,1009,1011,1023,1025,1030,1032,1044,1046,1051,1053,1058,1060,1064,1066,1071,1073,1078,1080,1085,1087,1092,1094,1107,1109,1122,1124,1137,1139,1174,1176,1212,1214,1236
models/input_layer/input_layer__encounter.yml
  h_773a9a7dede145 77,101,116,151,185,219,254,279,304,319,334,349,364,389,404,419,444,467,482,497,535,559
models/input_layer/input_layer__immunization.yml
  h_773a9a7dede145 47,66,81,96,111,126,141,156,171,195,210,225,240,255,270,285,323,339
models/input_layer/input_layer__lab_result.yml
  h_773a9a7dede145 79,112,135,158,181,219,244,267,295,318,333,356,379,440,501,524,547,570,593,616,639,662,685,708,731,769,793
models/input_layer/input_layer__location.yml
  h_773a9a7dede145 76,98,120,142,164,186,208,230,252,274,296,319
models/input_layer/input_layer__medical_claim.yml
  h_773a9a7dede145 98,139,201,248,263,288,313,409,503,561,604,654,704,728,765,792,844,912,955,996,1065,1080,1126,1142,1158,1174,1190,1206,1245,1268,1307,1330,1372,1404,1451,1490,1527,1562,1597,1632,1667,1703,1758,1796,1834,1872,1910,1948,1986,2024,2062,2100,2138,2176,2214,2252,2290,2328,2366,2404,2442,2480,2518,2556,2594,2632,2670,2695,2720,2745,2770,2795,2820,2845,2870,2895,2920,2945,2970,2995,3020,3045,3070,3095,3120,3145,3170,3195,3220,3245,3270,3295,3321,3336,3351,3366,3381,3396,3411,3426,3441,3456,3471,3486,3501,3516,3531,3546,3561,3576,3591,3606,3621,3636,3651,3666,3681,3696,3720,3744,3768,3792,3816,3840,3864,3888,3912,3936,3960,3984,4008,4032,4056,4080,4104,4128,4152,4176,4200,4224,4248,4272,4296,4320,4335,4350,4389,4413
models/input_layer/input_layer__medication.yml
  h_773a9a7dede145 76,96-98,120,144,189,234,259,283,305,337,372,394,416,438,460,482,511,533,570,593
models/input_layer/input_layer__observation.yml
  h_773a9a7dede145 76,96-98,120,144,166,212,252,278,302,324,348,370,392,414,436,458,480,517,540
models/input_layer/input_layer__patient.yml
  h_773a9a7dede145 93,133,155,169,191,205,241,273,287,333,370,408,422,444,466,498,520,542,564,586,600,614,651,674
models/input_layer/input_layer__pharmacy_claim.yml
  h_773a9a7dede145 80,121,147,162,187,212,250,288,348,373,396,420,435,497,543,580,617,652,687,722,745,760,786,824,848
models/input_layer/input_layer__practitioner.yml
  h_773a9a7dede145 76,98,120,142,164,186,208,231
models/input_layer/input_layer__procedure.yml
  h_773a9a7dede145 76,103,125,151,189,218,242,264,291,318,345,372,399,421,458,483
models/input_layer/input_layer__provider_attribution.yml
  h_773a9a7dede145 80,104,144,160,176,191,206,221,236,251,266,281,296,310,324,364
---
{
  "schema_version": "authorship/3.0.0",
  "git_ai_version": "1.7.4",
  "base_commit_sha": "c1acd74bc2aecfe3d962e853d35ce3e2be7a981b",
  "prompts": {},
  "humans": {
    "h_773a9a7dede145": {
      "author": "Seamus McKinsey <seamus.mckinsey@color.com>"
    }
  }
}